0.4016399383544922
0.5886344313621521
0.6459843516349792
0.4837943911552429
0.3134288191795349
0.2509465217590332
0.37657076120376587
0.13348853588104248
0.37081360816955566
0.41206926107406616
0.6972826719284058
0.17857062816619873
0.23276078701019287
0.60826575756073
0.6180112361907959
0.2542821764945984
0.3340531587600708
0.21965628862380981
0.13751965761184692
0.30825191736221313
0.1928635835647583
0.24245131015777588
0.634996086359024
0.2090754508972168
0.4294694662094116
0.1886022686958313
0.8059384673833847
0.2399318814277649
0.5824428796768188
0.2917979955673218
0.24248063564300537
0.40832245349884033
0.462651789188385
0.4424196481704712
0.233167827129364
0.26489371061325073
0.17654621601104736
0.2521817088127136
0.2951314449310303
0.47212427854537964
