0.41433054208755493
0.4517490863800049
0.5640438795089722
0.3947122097015381
0.26727569103240967
0.2646326422691345
0.37815386056900024
0.14022678136825562
0.27342790365219116
0.3438320755958557
0.403972327709198
0.17790096998214722
0.21174126863479614
0.5572205483913422
0.6126302778720856
0.2634540796279907
0.32463306188583374
0.21539020538330078
0.14031732082366943
0.21977579593658447
0.15732091665267944
0.23838216066360474
0.6612527966499329
0.18846344947814941
0.4361001253128052
0.19351649284362793
0.7301796972751617
0.19357413053512573
0.5723354518413544
0.29166358709335327
0.21257531642913818
0.23748892545700073
0.5075763761997223
0.39720433950424194
0.2300330400466919
0.2572340965270996
0.17194867134094238
0.2843968868255615
0.3569204807281494
0.5629366636276245
