0.1744874119758606
0.14047884941101074
0.3520388603210449
0.3413447141647339
0.3129933476448059
0.24831950664520264
0.1909998059272766
0.2220504879951477
0.211683988571167
0.11082440614700317
0.1971701979637146
0.2805195450782776
0.5619899034500122
0.20350420475006104
0.15467524528503418
0.3763831853866577
0.3126227855682373
0.33554011583328247
0.12236720323562622
0.2874205708503723
0.2357473373413086
0.7219707369804382
0.40364980697631836
0.48711615800857544
0.32089072465896606
0.15635132789611816
0.4813002347946167
0.2245137095451355
0.2956687808036804
0.4163667559623718
0.3036363124847412
0.1039893627166748
0.2578333616256714
0.3276805281639099
0.18516165018081665
0.39189612865448
0.1413622498512268
