0.17537027597427368
0.14262866973876953
0.3531465530395508
0.3396575450897217
0.3147551417350769
0.24702095985412598
0.18946653604507446
0.22263282537460327
0.20868533849716187
0.10442900657653809
0.1943015456199646
0.28119349479675293
0.5588711202144623
0.19806426763534546
0.15640872716903687
0.3754950761795044
0.31546956300735474
0.32902413606643677
0.11828625202178955
0.29458510875701904
0.2347571849822998
0.7230446040630341
0.398162305355072
0.4961162209510803
0.31571638584136963
0.1569806933403015
0.47712141275405884
0.22846394777297974
0.29922235012054443
0.41857147216796875
0.3029897212982178
0.10128271579742432
0.2598981261253357
0.3232853412628174
0.18083703517913818
0.3923901319503784
0.13829493522644043
