0.5313323140144348
0.535957932472229
0.7490105032920837
0.644810825586319
0.3407391309738159
0.5251436233520508
0.6730577647686005
0.31148767471313477
0.22579199075698853
0.49258100986480713
0.22110021114349365
0.41661399602890015
0.1935497522354126
0.5885322391986847
0.93959079682827
0.21771061420440674
0.3088732361793518
0.1495005488395691
0.4625742435455322
0.35717087984085083
0.4567698836326599
0.18307840824127197
0.37291574478149414
0.32697951793670654
0.3531418442726135
0.521452933549881
0.338387131690979
0.8760735914111137
0.2570120096206665
0.22492974996566772
0.5662277042865753
0.45810574293136597
0.2804219126701355
0.5974432826042175
0.25729095935821533
0.40306466817855835
0.4334721565246582
0.2522880434989929
0.4603204131126404
0.3960511088371277
0.20349609851837158
0.5150604844093323
0.22693932056427002
0.3505449891090393
0.16860538721084595
0.3364046812057495
0.20542263984680176
0.3106219172477722
