0.5320819616317749
0.5253305435180664
0.7322412133216858
0.6410747766494751
0.35125523805618286
0.5200815498828888
0.6598859429359436
0.32307106256484985
0.22949129343032837
0.49323880672454834
0.222944438457489
0.41070741415023804
0.1948949098587036
0.6111058592796326
0.9359546303749084
0.2253180742263794
0.3139258623123169
0.15032994747161865
0.4416276812553406
0.3418230414390564
0.45239919424057007
0.15525424480438232
0.3894253373146057
0.27063101530075073
0.3618924021720886
0.5152347087860107
0.35219836235046387
0.8598774820566177
0.2636936902999878
0.2463553547859192
0.5813749134540558
0.468445360660553
0.2757817506790161
0.600009024143219
0.2606269121170044
0.4662098288536072
0.41544753313064575
0.26660680770874023
0.4559113383293152
0.4128721356391907
0.19919532537460327
0.5096035003662109
0.23102295398712158
0.3498825430870056
0.16308653354644775
0.3416846990585327
0.20347720384597778
0.29484373331069946
