0.07483248828103513
0.11654156478161742
0.2773871608433495
0.08505597365840582
0.15685363071388908
0.10929285339787179
0.15970419548333564
0.13146158175507255
0.08665279351933883
0.0938640186526979
0.0858771121162654
0.11266482351319673
0.049687505030735934
0.07029024436527079
0.17172658897951093
0.13052515737900164
0.27463559896150735
0.10154380341978685
0.22039016824239
0.11366645649242706
0.1616256301720352
0.09115218397272827
0.07876090674522788
0.08555395518022223
0.08460804971914557
0.0628081517039869
0.10467855434837607
0.28524271741516743
0.14282068010060625
0.0855678102047425
0.0976672059056789
