0.13553570743147544
0.053288050562542474
0.12369276917003717
0.1966418302502389
0.0999592124748581
0.1358995898652698
0.09723368378490917
0.0763362583292675
0.07447951220474905
0.10721188683247572
0.08131615903727245
0.06867867274602746
0.13943046692659283
0.05205716873245269
0.10293563810358394
0.09149030842763634
0.07371208045601982
0.1434662018407311
0.10971501167758214
0.0750198659755679
0.07720124536738394
0.12259429561403329
0.07728095831354893
0.10887016757644877
0.08685670525672382
0.0790545922438243
0.10907487004879993
0.08228730509577525
0.12719924331116525
0.10506083895658554
0.05633577789242193
0.11517081373813538
0.03407081548535514
0.07657273420852652
0.10213845978443027
0.07027247770293481
0.07126130938657983
0.1355570404825416
0.18781820518123307
0.1087464147613478
