0.055557172243358474
0.060397064104871466
0.04859823835556469
0.05096354826869604
0.12347723926004071
0.07776516566520998
0.05947415150904821
0.07071443140567338
0.046758067881618084
0.027550765383248407
0.08277259145931075
0.0873945396623239
0.11875825583817816
0.028383235465770956
0.05835216333013798
0.07458915635091155
0.10679414232605132
0.055990299662209086
0.14397983655141883
0.028417099824495747
0.08270648365090455
0.15489988572653507
0.07001127044328206
0.06160928290359873
0.07055036110418966
0.0918417443866715
0.06344112350263058
0.07038868133671855
0.05855277024652325
0.0455745230340362
0.0
0.07876569942123549
0.09225595795412034
0.09442457952985053
0.04850144476628237
0.09710872364945265
0.03235815800067051
