0.1100544487363161
0.12863104892155477
0.22188808306188523
0.14558625405041542
0.11352528918717843
0.1034707516726551
0.15872620690746334
0.13774510689187378
0.14226030624537292
0.1241096051253529
0.09147883970653581
0.15188752877363568
0.18470776387927393
0.17159149595374562
0.12758584639774131
0.16945093576439124
0.13270453579943348
0.07051465203851548
0.12727089112005974
0.08120123095881211
0.12589026805911674
0.11234583512544022
0.09240928866028766
0.12890318018021274
0.19135193196828296
0.1866374088653125
0.10248571806117283
0.24767338134922104
0.12534524562491978
0.11167995148681105
0.23676272011466676
0.13357191263268597
0.17463346724075768
0.09752577472522075
0.09722682847753877
0.07638406634945394
0.2210025582953504
0.13556840100637915
0.19382311094010685
0.1112235121036429
0.09511266433624209
0.10681835522194943
0.10127251074429118
0.1111625897943257
0.2066817022729406
0.16229790456430415
0.1339556958248132
0.1564618392508264
